1820 346 1838 339 1879 336 1901 361
1844 192 2006 185 2006 186 1844 193
1980 462 2006 444 2040 444 2060 462
2150 329 2173 312 2206 279 2279 274 2296 309
2432 160 2558 227 2558 228 2432 161
2521 425 2529 415 2541 403 2582 398 2604 409
2607 314 2624 303 2670 308 2688 326
3225 355 3239 346 3301 354
3349 293 3439 275 3439 276 3349 294
3328 500 3490 423 3565 403 3619 402 3666 414 3729 450 3815 500
3752 243 3864 253 3864 254 3752 244
3857 391 3878 353 3937 356 3993 408
4161 403 4178 382 4214 383 4236 396
4232 252 4253 242 4295 245 4314 268
4652 313 4671 275 4735 282 4784 329
4716 424 4738 412 4778 416 4798 437
4984 395 5007 373 5046 372 5067 381
5403 421 5424 400 5464 398 5483 409
5402 224 5423 205 5462 202 5482 212
5486 366 5506 358 5547 359 5567 382
5739 425 5787 380 5857 376 5877 410
5794 268 5813 257 5855 257 5874 281
6287 351 6309 340 6324 340 6369 361
7087 369 7109 360 7122 346 7158 359
7115 240 7211 238 7211 239 7115 241
7395 497 7395 462 7380 460 7380 440 7419 424 7460 422 7497 429 7551 460 7551 500 
9292 426 9336 426 9421 410 9421 430
9511 409 9616 361 9912 357 10063 300 10209 338 9849 409
9593 316 9620 300 9677 300
9719 320 9763 320 9763 322
9717 219 9769 219 9769 220 9717 220 
9780 83 11504 67 11504 68 9780 84
10116 465 10175 458 10175 459 10116 466 
10291 373 10347 330 10386 291 10417 278 10457 303 10484 338 10484 338 10513 376 
10325 225 10348 225 10348 226 10325 226
10773 445 10832 442 10832 443 
10671 317 10733 310 10733 311 10671 318
10727 188 10808 181 10808 189
10846 117 10905 120 10905 121 10846 118
11086 335 11111 330 11125 293 11158 293 11336 318 11530 313 11637 285 11762 307 11672 335
11994 321 12024 304 12049 290 12092 301 12166 296 12067 326 
12167 234 12208 230 12257 216 12289 231
12328 123 12281 83 12157 72 12005 116
12263 362 12293 362 12293 363 12263 363
12326 344 12399 289 12442 230 12470 218 12524 280 12582 337
12631 352 12665 319 12728 270 12787 302 12824 331
12863 324 12936 262 13000 205 13083 270 13135 321
13148 358 13242 269 13346 335
13166 243 13198 238 13198 239 
13302 435 13327 429 13327 430 
13511 360 13575 380 13632 360 13632 381 13511 381 
13678 313 13778 280 13892 280 13986 304
14035 360 14095 375 14160 360 14160 376 14035 376
